[gd_scene load_steps=6 format=2]

[ext_resource path="res://Assets/asset package custom/retro medieval 3d/Models/GLTF format/planks.material" type="Material" id=1]
[ext_resource path="res://WallGear.gd" type="Script" id=2]

[sub_resource type="CapsuleMesh" id=1]
material = ExtResource( 1 )
radius = 0.03
mid_height = 0.15

[sub_resource type="CylinderShape" id=2]
height = 0.2
radius = 0.35

[sub_resource type="BoxShape" id=3]
extents = Vector3( 3, 3, 3 )

[node name="WallGear" type="KinematicBody" groups=["Interactable"]]
script = ExtResource( 2 )

[node name="MeshInstance" type="CSGCylinder" parent="."]
transform = Transform( 1, 0, 0, 0, -4.37114e-08, -1, 0, 1, -4.37114e-08, 0, 0, 0 )
radius = 0.35
height = 0.2
sides = 6
material = ExtResource( 1 )

[node name="MeshInstance" type="MeshInstance" parent="MeshInstance"]
transform = Transform( 1, 0, 0, 0, -4.37114e-08, -1, 0, 1, -4.37114e-08, 0, 0.127423, -0.1 )
mesh = SubResource( 1 )

[node name="Bite1" type="CSGCylinder" parent="MeshInstance"]
transform = Transform( 0.866025, 2.18557e-08, 0.5, -2.18557e-08, 1, -5.85622e-09, -0.5, -5.85622e-09, 0.866025, -0.25, 0, 0.15 )
operation = 2
radius = 0.13
height = 0.25
sides = 5
material = ExtResource( 1 )

[node name="Bite2" type="CSGCylinder" parent="MeshInstance"]
transform = Transform( -4.37114e-08, 0, 1, 0, 1, 0, -1, 0, -4.37114e-08, 0, 0, 0.3 )
operation = 2
radius = 0.13
height = 0.25
sides = 5
material = ExtResource( 1 )

[node name="Bite3" type="CSGCylinder" parent="MeshInstance"]
transform = Transform( 1.19249e-08, 0, -1, 0, 1, 0, 1, 0, 1.19249e-08, 0, 0, -0.3 )
operation = 2
radius = 0.13
height = 0.25
sides = 5
material = ExtResource( 1 )

[node name="Bite4" type="CSGCylinder" parent="MeshInstance"]
transform = Transform( -0.866026, 0, 0.5, 0, 1, 0, -0.5, 0, -0.866026, 0.25, 0, 0.15 )
operation = 2
radius = 0.13
height = 0.25
sides = 5
material = ExtResource( 1 )

[node name="Bite5" type="CSGCylinder" parent="MeshInstance"]
transform = Transform( 0.866025, 0, -0.5, 0, 1, 0, 0.5, 0, 0.866025, -0.25, 0, -0.15 )
operation = 2
radius = 0.13
height = 0.25
sides = 5
material = ExtResource( 1 )

[node name="Bite6" type="CSGCylinder" parent="MeshInstance"]
transform = Transform( -0.866026, 0, 0.5, 0, 1, 0, -0.5, 0, -0.866026, 0.25, 0, -0.15 )
operation = 2
radius = 0.13
height = 0.25
sides = 5
material = ExtResource( 1 )

[node name="CollisionShape" type="CollisionShape" parent="."]
transform = Transform( 1, 0, 0, 0, -4.37114e-08, -1, 0, 1, -4.37114e-08, 0, 0, 0 )
shape = SubResource( 2 )

[node name="Turn_tick" type="Timer" parent="."]
wait_time = 0.05
autostart = true

[node name="Turn_timer" type="Timer" parent="."]
wait_time = 4.0
one_shot = true

[node name="Area" type="Area" parent="."]

[node name="CollisionShape" type="CollisionShape" parent="Area"]
shape = SubResource( 3 )

[connection signal="timeout" from="Turn_tick" to="." method="_on_Turn_tick_timeout"]
[connection signal="timeout" from="Turn_timer" to="." method="_on_Turn_timer_timeout"]
